%YAML:1.0
---
FocalLength: 8.6155419921875000e+02
Intrisic: !!opencv-matrix
   rows: 3
   cols: 3
   dt: f
   data: [ 7.43975586e+02, 0., 6.37869690e+02, 0., 1.25366711e+03,
       1.05046545e+03, 0., 0., 1. ]
Rotation: !!opencv-matrix
   rows: 3
   cols: 3
   dt: f
   data: [ -9.19420794e-02, 6.66685879e-01, -7.39646256e-01,
       1.42145567e-02, 7.43595421e-01, 6.68478668e-01, 9.95662928e-01,
       5.09475768e-02, -7.78443590e-02 ]
Translation: !!opencv-matrix
   rows: 3
   cols: 1
   dt: d
   data: [ 0., 0., 0. ]
