%YAML:1.0
---
res_size: [ 3361, 317 ]
tl: [ 215, 32 ]
tr: [ 3358, 1 ]
bl: [ 215, 248 ]
br: [ 3360, 210 ]
