%YAML:1.0
---
res_size: [ 1955, 332 ]
tl: [ 7, 26 ]
tr: [ 1927, 3 ]
bl: [ 0, 255 ]
br: [ 1954, 295 ]
