%YAML:1.0
---
res_size: [ 3912, 664 ]
tl: [ 14, 52 ]
tr: [ 3858, 7 ]
bl: [ 0, 512 ]
br: [ 3911, 591 ]
