%YAML:1.0
---
FocalLength: 8.7208972167968750e+02
Intrisic: !!opencv-matrix
   rows: 3
   cols: 3
   dt: f
   data: [ 5.33461914e+02, 0., 4.67709106e+02, 0., 6.63859619e+02,
       2.31923904e+02, 0., 0., 1. ]
Rotation: !!opencv-matrix
   rows: 3
   cols: 3
   dt: f
   data: [ -1.28699645e-01, 1.78182527e-01, -9.75544691e-01,
       -1.50269382e-02, 9.83262360e-01, 1.81574598e-01, 9.91569698e-01,
       3.80280130e-02, -1.23867884e-01 ]
