%YAML:1.0
---
FocalLength: 716.
Intrisic: !!opencv-matrix
   rows: 3
   cols: 3
   dt: f
   data: [ 7.11580811e+02, 0., 5.90882202e+02, 0., 6.36080627e+02,
       2.22801437e+02, 0., 0., 1. ]
Rotation: !!opencv-matrix
   rows: 3
   cols: 3
   dt: f
   data: [ 9.00177538e-01, -5.10284603e-02, 4.32523519e-01,
       1.88661497e-02, 9.96748924e-01, 7.83302337e-02, -4.35114384e-01,
       -6.23510592e-02, 8.98213625e-01 ]
