%YAML:1.0
---
FocalLength: 3.9153680419921875e+02
Intrisic: !!opencv-matrix
   rows: 3
   cols: 3
   dt: f
   data: [ 5.35678040e+02, 0., 4.62287048e+02, 0., 3.72409973e+02,
       -2.12552673e+02, 0., 0., 1. ]
Rotation: !!opencv-matrix
   rows: 3
   cols: 3
   dt: f
   data: [ -3.58567178e-01, -4.88448828e-01, -7.95517087e-01,
       -1.13473222e-01, 8.68670762e-01, -4.82219011e-01, 9.26581740e-01,
       -8.26380849e-02, -3.66902769e-01 ]
