%YAML:1.0
---
FocalLength: 3.9153680419921875e+02
Intrisic: !!opencv-matrix
   rows: 3
   cols: 3
   dt: f
   data: [ 6.17082275e+02, 0., 2.47731033e+02, 0., 5.26044739e+02,
       6.94072962e+00, 0., 0., 1. ]
Rotation: !!opencv-matrix
   rows: 3
   cols: 3
   dt: f
   data: [ -1.04656264e-01, 4.64754887e-02, 9.93421912e-01,
       -3.72370519e-02, 9.98024106e-01, -5.06136715e-02, -9.93811369e-01,
       -4.22890969e-02, -1.02718815e-01 ]
