%YAML:1.0
---
FocalLength: 8.7208972167968750e+02
Intrisic: !!opencv-matrix
   rows: 3
   cols: 3
   dt: f
   data: [ 1.09772400e+03, 0., 4.19818634e+02, 0., 9.78753296e+02,
       3.09788971e+02, 0., 0., 1. ]
Rotation: !!opencv-matrix
   rows: 3
   cols: 3
   dt: f
   data: [ 9.03515995e-01, -4.41596135e-02, 4.26273108e-01,
       -1.23619372e-02, 9.91577387e-01, 1.28924102e-01, -4.28375989e-01,
       -1.21754542e-01, 8.95360112e-01 ]
