%YAML:1.0
---
FocalLength: 716.
Intrisic: !!opencv-matrix
   rows: 3
   cols: 3
   dt: f
   data: [ 6.22138794e+02, 0., 3.70996216e+02, 0., 6.26247986e+02,
       2.01171494e+02, 0., 0., 1. ]
Rotation: !!opencv-matrix
   rows: 3
   cols: 3
   dt: f
   data: [ -3.50205809e-01, 5.45955636e-02, -9.35080290e-01,
       -1.32839940e-02, 9.97909963e-01, 6.32390454e-02, 9.36578572e-01,
       3.45682800e-02, -3.48748624e-01 ]
