%YAML:1.0
---
FocalLength: 8.7208972167968750e+02
Intrisic: !!opencv-matrix
   rows: 3
   cols: 3
   dt: f
   data: [ 8.86588257e+02, 0., 7.47244934e+02, 0., 8.90667969e+02,
       2.57675934e+02, 0., 0., 1. ]
Rotation: !!opencv-matrix
   rows: 3
   cols: 3
   dt: f
   data: [ -1.93822496e-02, -6.74111694e-02, 9.97537017e-01,
       -4.95814299e-03, 9.97718692e-01, 6.73270971e-02, -9.99799788e-01,
       -3.64099210e-03, -1.96723398e-02 ]
