%YAML:1.0
---
FocalLength: 8.7208972167968750e+02
Intrisic: !!opencv-matrix
   rows: 3
   cols: 3
   dt: f
   data: [ 8.57591248e+02, 0., 5.08555817e+02, 0., 9.23944092e+02,
       2.84763245e+02, 0., 0., 1. ]
Rotation: !!opencv-matrix
   rows: 3
   cols: 3
   dt: f
   data: [ 8.91680181e-01, 6.29643723e-02, -4.48265433e-01,
       1.02374274e-02, 9.87220466e-01, 1.59031332e-01, 4.52549994e-01,
       -1.46394178e-01, 8.79640281e-01 ]
