%YAML:1.0
---
FocalLength: 3.9153680419921875e+02
Intrisic: !!opencv-matrix
   rows: 3
   cols: 3
   dt: f
   data: [ 2.47395569e+02, 0., 2.08089249e+02, 0., 3.47767761e+02,
       1.09801102e+02, 0., 0., 1. ]
Rotation: !!opencv-matrix
   rows: 3
   cols: 3
   dt: f
   data: [ 8.73244941e-01, -8.10658112e-02, 4.80491072e-01,
       -8.26748237e-02, 9.47120130e-01, 3.10046196e-01, -4.80216920e-01,
       -3.10470760e-01, 8.20365787e-01 ]
