%YAML:1.0
---
FocalLength: 716.
Intrisic: !!opencv-matrix
   rows: 3
   cols: 3
   dt: f
   data: [ 9.48451904e+02, 0., 6.91520264e+02, 0., 7.50628296e+02,
       2.73697235e+02, 0., 0., 1. ]
Rotation: !!opencv-matrix
   rows: 3
   cols: 3
   dt: f
   data: [ 8.75339031e-01, 1.24609061e-01, -4.67176825e-01,
       -2.36459728e-02, 9.76096570e-01, 2.16047168e-01, 4.82931107e-01,
       -1.78067669e-01, 8.57361913e-01 ]
