%YAML:1.0
---
FocalLength: 716.
Intrisic: !!opencv-matrix
   rows: 3
   cols: 3
   dt: f
   data: [ 7.20419250e+02, 0., 4.70670715e+02, 0., 6.64400208e+02,
       2.87237488e+02, 0., 0., 1. ]
Rotation: !!opencv-matrix
   rows: 3
   cols: 3
   dt: f
   data: [ 2.91858688e-02, -2.42414638e-01, 9.69733655e-01,
       -3.21002267e-02, 9.69419241e-01, 2.43302166e-01, -9.99058366e-01,
       -3.82296890e-02, 2.05117874e-02 ]
