%YAML:1.0
---
FocalLength: 3.9153680419921875e+02
Intrisic: !!opencv-matrix
   rows: 3
   cols: 3
   dt: f
   data: [ 2.21393188e+02, 0., 3.60162018e+02, 0., 3.43495544e+02,
       1.25162704e+02, 0., 0., 1. ]
Rotation: !!opencv-matrix
   rows: 3
   cols: 3
   dt: f
   data: [ 6.96096182e-01, 2.35008612e-01, -6.78395987e-01,
       3.96649614e-02, 9.30877447e-01, 3.63172591e-01, 7.16852248e-01,
       -2.79711574e-01, 6.38658524e-01 ]
