%YAML:1.0
---
tl: [ 54, 52 ]
tr: [ 1708, 34 ]
bl: [ 0, 260 ]
br: [ 1815, 223 ]
