%YAML:1.0
---
res_size: [ 3965, 779 ]
tl: [ 57, 94 ]
tr: [ -4, 624 ]
bl: [ 0, 616 ]
br: [ 3944, 524 ]
