%YAML:1.0
---
res_size: [ 3502, 724 ]
tl: [ 11, 123 ]
tr: [ 3415, 88 ]
bl: [ 0, 550 ]
br: [ 3501, 513 ]
