%YAML:1.0
---
res_size: [ 1816, 348 ]
tl: [ 54, 54 ]
tr: [ 1656, 36 ]
bl: [ 1, 253 ]
br: [ 1795, 230 ]
